execution,phase,year,month,day,hour,minute,second,ms
s07_01,start      ,2022,7,11,13,55,47,114
s07_01,stand_start,2022,7,11,13,55,48,986
s07_01,stand_end  ,2022,7,11,13,55,50,41
s07_01,turn1_start,2022,7,11,13,55,52,499
s07_01,turn1_end  ,2022,7,11,13,55,53,820
s07_01,turn2_start,2022,7,11,13,55,55,663
s07_01,turn2_end  ,2022,7,11,13,55,56,633
s07_01,sit_start  ,2022,7,11,13,55,56,633
s07_01,sit_end    ,2022,7,11,13,55,58,891
s07_01,end        ,2022,7,11,13,55,59,307
s07_02,start      ,2022,7,11,13,56,29,587
s07_02,stand_start,2022,7,11,13,56,31,129
s07_02,stand_end  ,2022,7,11,13,56,31,950
s07_02,turn1_start,2022,7,11,13,56,34,343
s07_02,turn1_end  ,2022,7,11,13,56,35,667
s07_02,turn2_start,2022,7,11,13,56,37,876
s07_02,turn2_end  ,2022,7,11,13,56,38,844
s07_02,sit_start  ,2022,7,11,13,56,38,844
s07_02,sit_end    ,2022,7,11,13,56,41,87
s07_02,end        ,2022,7,11,13,56,42,344
s07_03,start      ,2022,7,11,13,57,1,331
s07_03,stand_start,2022,7,11,13,57,2,617
s07_03,stand_end  ,2022,7,11,13,57,3,621
s07_03,turn1_start,2022,7,11,13,57,6,68
s07_03,turn1_end  ,2022,7,11,13,57,7,808
s07_03,turn2_start,2022,7,11,13,57,9,748
s07_03,turn2_end  ,2022,7,11,13,57,10,735
s07_03,sit_start  ,2022,7,11,13,57,10,735
s07_03,sit_end    ,2022,7,11,13,57,13,9
s07_03,end        ,2022,7,11,13,57,14,30
s07_04,start      ,2022,7,11,13,57,45,805
s07_04,stand_start,2022,7,11,13,57,46,859
s07_04,stand_end  ,2022,7,11,13,57,47,712
s07_04,turn1_start,2022,7,11,13,57,50,120
s07_04,turn1_end  ,2022,7,11,13,57,51,378
s07_04,turn2_start,2022,7,11,13,57,53,287
s07_04,turn2_end  ,2022,7,11,13,57,54,106
s07_04,sit_start  ,2022,7,11,13,57,54,106
s07_04,sit_end    ,2022,7,11,13,57,56,199
s07_04,end        ,2022,7,11,13,57,58,21
s07_05,start      ,2022,7,11,13,58,17,266
s07_05,stand_start,2022,7,11,13,58,18,920
s07_05,stand_end  ,2022,7,11,13,58,19,855
s07_05,turn1_start,2022,7,11,13,58,22,336
s07_05,turn1_end  ,2022,7,11,13,58,23,441
s07_05,turn2_start,2022,7,11,13,58,25,698
s07_05,turn2_end  ,2022,7,11,13,58,26,718
s07_05,sit_start  ,2022,7,11,13,58,26,718
s07_05,sit_end    ,2022,7,11,13,58,28,396
s07_05,end        ,2022,7,11,13,58,29,234
s07_06,start      ,2022,7,11,13,58,58,980
s07_06,stand_start,2022,7,11,13,59,0,235
s07_06,stand_end  ,2022,7,11,13,59,1,275
s07_06,turn1_start,2022,7,11,13,59,3,666
s07_06,turn1_end  ,2022,7,11,13,59,5,22
s07_06,turn2_start,2022,7,11,13,59,7,179
s07_06,turn2_end  ,2022,7,11,13,59,8,234
s07_06,sit_start  ,2022,7,11,13,59,8,234
s07_06,sit_end    ,2022,7,11,13,59,10,476
s07_06,end        ,2022,7,11,13,59,11,195
s07_07,start      ,2022,7,11,13,59,30,502
s07_07,stand_start,2022,7,11,13,59,31,587
s07_07,stand_end  ,2022,7,11,13,59,32,725
s07_07,turn1_start,2022,7,11,13,59,35,135
s07_07,turn1_end  ,2022,7,11,13,59,36,239
s07_07,turn2_start,2022,7,11,13,59,38,580
s07_07,turn2_end  ,2022,7,11,13,59,39,551
s07_07,sit_start  ,2022,7,11,13,59,39,551
s07_07,sit_end    ,2022,7,11,13,59,41,510
s07_07,end        ,2022,7,11,13,59,42,228
s07_08,start      ,2022,7,11,14,0,8,830
s07_08,stand_start,2022,7,11,14,0,9,648
s07_08,stand_end  ,2022,7,11,14,0,11,71
s07_08,turn1_start,2022,7,11,14,0,13,379
s07_08,turn1_end  ,2022,7,11,14,0,14,904
s07_08,turn2_start,2022,7,11,14,0,16,896
s07_08,turn2_end  ,2022,7,11,14,0,17,915
s07_08,sit_start  ,2022,7,11,14,0,17,915
s07_08,sit_end    ,2022,7,11,14,0,19,890
s07_08,end        ,2022,7,11,14,0,20,860
s07_09,start      ,2022,7,11,14,0,41,669
s07_09,stand_start,2022,7,11,14,0,43,23
s07_09,stand_end  ,2022,7,11,14,0,43,993
s07_09,turn1_start,2022,7,11,14,0,46,268
s07_09,turn1_end  ,2022,7,11,14,0,47,740
s07_09,turn2_start,2022,7,11,14,0,49,948
s07_09,turn2_end  ,2022,7,11,14,0,50,834
s07_09,sit_start  ,2022,7,11,14,0,50,834
s07_09,sit_end    ,2022,7,11,14,0,52,893
s07_09,end        ,2022,7,11,14,0,53,711
s07_10,start      ,2022,7,11,14,1,14,369
s07_10,stand_start,2022,7,11,14,1,14,753
s07_10,stand_end  ,2022,7,11,14,1,16,144
s07_10,turn1_start,2022,7,11,14,1,18,421
s07_10,turn1_end  ,2022,7,11,14,1,19,808
s07_10,turn2_start,2022,7,11,14,1,21,931
s07_10,turn2_end  ,2022,7,11,14,1,22,736
s07_10,sit_start  ,2022,7,11,14,1,22,736
s07_10,sit_end    ,2022,7,11,14,1,24,944
s07_10,end        ,2022,7,11,14,1,25,594
s07_11,start      ,2022,7,11,14,1,49,216
s07_11,stand_start,2022,7,11,14,1,49,919
s07_11,stand_end  ,2022,7,11,14,1,51,424
s07_11,turn1_start,2022,7,11,14,1,53,701
s07_11,turn1_end  ,2022,7,11,14,1,55,21
s07_11,turn2_start,2022,7,11,14,1,56,992
s07_11,turn2_end  ,2022,7,11,14,1,57,896
s07_11,sit_start  ,2022,7,11,14,1,57,896
s07_11,sit_end    ,2022,7,11,14,2,0,6
s07_11,end        ,2022,7,11,14,2,0,975
